20150401 0.0270 0.1400
20150402 0.0235 0.1000
20150403 0.0235 NaN
20150404 0.0225 0.0000
20150405 0.0205 NaN
20150406 0.0195 0.1300
20150407 0.0200 0.1700
20150408 0.0185 0.0600
20150409 0.0170 0.2600
20150410 0.0200 0.4000
20150411 0.0290 0.3400
20150412 0.0310 NaN
20150413 0.0310 0.1600
20150414 0.0305 0.1300
20150415 0.0300 0.0400
20150416 0.0290 0.3000
20150417 0.0340 0.2900
20150418 0.0340 0.2200
20150419 0.0320 NaN
20150420 0.0330 0.1200
20150421 0.0330 NaN
20150422 0.0305 0.1100
20150423 0.0305 0.3400
20150424 0.0330 0.1300
20150425 0.0315 0.2300
20150426 0.0295 0.3600
20150427 0.0345 0.3300
20150428 0.0370 NaN
20150429 0.0380 0.3000
20150430 0.0370 0.2400
